# d = 12
19
18  23
17  22  27
16  21  26  31
52  20  25  30  56
52  53  24  29  57  60
52  53  54  28  58  61  56
52  53  54  55  59  62  57  60
52  53  54  55  XX  63  58  61  56
 3   7  11  15  51  51  35  39  43  47
 2   6  10  14  50  50  50  34  38  42  46
 1   5   9  13  49  49  49  49  33  37  41  45
 0   4   8  12  48  48  48  48  48  32  36  40  44

# d = 13
19
18  23
17  22  27
16  21  26  31
52  20  25  30  56
52  53  24  29  57  60
52  53  54  28  58  61  56
52  53  54  55  59  62  57  60
52  53  54  55  XX  63  58  61  56
52  53  54  55  XX  XX  59  62  57  60
 3   7  11  15  51  51  51  35  39  43  47
 2   6  10  14  50  50  50  50  34  38  42  46
 1   5   9  13  49  49  49  49  49  33  37  41  45
 0   4   8  12  48  48  48  48  48  48  32  36  40  44